2 .333 .000 .400 .333 .600 7
3 .613  .613 .613 .582 636
4 .443 .382 .469 .500 .840 909
5 .476 .000 .478 .476 .839 352
6 .596  .596 .596 .714 328
7 .513 .000 .521 .513 .858 1331
8 .500  .500 .500  10
9 .516  .516 .516 .630 428
10 .458 .357 .468 .474 .652 535
11 .416 .361 .468 .503 .737 839
12 .358  .358 .358 .519 52
13 .528 .286 .586 .556 .694 105
13 .400 .400 .400 .500 .750 13
13 .548 .222 .604 .565 .688 92
14 .356 .324 .409 .458 .733 65
15 .376 .267 .478 .441 .759 179
16 .406 .265 .533 .469 .800 208
17 .468 .324 .488 .488 .747 350
18 .427 .366 .466 .498 .873 1124
19 .506 .257 .537 .520 .724 1350
20 .750 .000 1.000 .750  6
21 .434 .339 .463 .474 .829 1573
22 .600  .600 .600 .750 18
23 .250 .000 .400 .250 1.000 6
24 .416 .371 .478 .523 .783 1025
25 .452 .385 .473 .498 .755 527
26 .533  .533 .533 .545 269
27 .423 .405 .440 .520 .805 467
27 .380 .393 .367 .479 .765 142
27 .445 .411 .475 .541 .819 325
28 .522 .000 .545 .522 1.000 30
29 .422 .404 .433 .498 .780 327
30 .325 .200 .343 .338 .875 34
31 .462 .355 .508 .515 .839 433
32 .446 .385 .481 .516 .771 808
33 .455 .188 .471 .461 .825 304
34 .466 .383 .508 .531 .761 774
35 .381 .322 .449 .467 .804 758
36 .432 .345 .476 .489 .806 1178
37 .549 .000 .552 .549 .845 473
38 .426 .348 .492 .506 .849 1046
39 .423 .437 .408 .539 .778 541
40 .505 .000 .508 .505 .764 514
41 .441 .357 .502 .517 .815 872
42 .449 .387 .481 .515 .767 958
43 .522 .333 .531 .529 .776 255
44 .386 .306 .456 .457 .833 696
45 .296 .214 .385 .352 .900 28
46 .434 .400 .472 .539 .682 700
47 .542 .000 .544 .542 .628 454
48 .468 .384 .564 .570 .727 308
49 .548  .548 .548 .422 133
50 .412 .000 .418 .412 .385 61
51 .388 .344 .461 .496 .800 254
52 .453 .372 .482 .502 .802 632
53 .433 .382 .474 .519 .833 887
54 .627 1.000 .626 .629 .480 375
55 .509 .441 .609 .640 .750 76
56 .423 .343 .464 .480 .840 1048
57 .490 .293 .513 .505 .670 463
58 .467 .365 .508 .520 .795 1010
59 .447 .361 .505 .520 .780 1155
60 .431 .000 .437 .431 .889 70
61 .384 .272 .460 .439 .750 590
62 .401 .357 .430 .471 .766 491
63 .310 .286 .339 .389 .850 115
64 .320 .125 .412 .340 .750 20
65 .394 .314 .443 .453 .755 363
66 .358 .285 .410 .417 .826 1161
67 .435 .279 .523 .485 .696 271
67 .418 .290 .488 .469 .708 216
67 .511 .235 .679 .556 .625 55
68 .439 .415 .467 .551 .933 122
69 .413 .344 .460 .483 .817 679
70 .410 .405 .412 .458 .752 412
71 .424 .167 .537 .449 .833 63
72 .454 .312 .489 .485 .832 1399
73 .471 .306 .618 .543 .688 124
74 .083 .143 .000 .125  3
75 .459 .414 .496 .552 .875 544
76 .420 .309 .489 .479 .811 1105
77 .360 .363 .354 .482 .833 846
78 .582 .000 .583 .582 .379 542
79 .389 .390 .388 .474 .600 286
80 .388 .349 .425 .474 .833 395
81 .452 .273 .472 .466 .654 623
82 .481 .409 .537 .571 .648 813
83 .563 .000 .567 .563 .648 463
84 .410 .309 .461 .462 .832 628
84 .313 .091 .429 .328 .923 33
84 .417 .326 .464 .472 .827 595
85 .583 .000 .585 .583 .620 472
86 1.000  1.000 1.000  4
87 .441 .357 .500 .515 .824 236
88 .500 1.000 .000 .750  6
89 .433 .347 .468 .483 .804 1225
90 .405 .324 .427 .439 .800 477
91 .486 .401 .519 .542 .858 1035
92 .459 .000 .467 .459 .697 123
93 .422 .363 .449 .478 .834 857
94 .265 .238 .286 .316 1.000 36
95 .333 .278 .467 .431 .857 50
96 .400 .000 .571 .400  8
96 .250 .000 .400 .250  4
96 1.000  1.000 1.000  4
97 .451 .333 .473 .477 .718 1748
98 .385 .353 .452 .504 .791 858
99 .459 .393 .506 .541 .867 832
100 .404 .340 .440 .466 .904 1120
101 .443 .336 .529 .518 .820 1038
102 .451 .316 .550 .518 .695 484
103 .343 .308 .364 .400 .655 120
103 .352 .313 .373 .407 .625 104
103 .286 .286 .286 .357 .857 16
104 .455 .450 .460 .567 .833 299
105 .504 .454 .566 .630 .908 2375
106 .476 .484 .462 .634 .556 242
107 .493 .324 .511 .508 .758 1481
108 .611  .611 .611 .559 526
109 .400  .400 .400 1.000 5
110 .559  .559 .559 .750 255
111 .406 .375 .432 .493 .524 79
112      0
113 .405 .410 .401 .501 .864 569
114 .455 .344 .513 .514 .755 911
115 .446 .338 .458 .463 .850 1830
116 .527 .362 .564 .560 .737 485
117 .532 .300 .540 .537 .827 827
118 .352 .100 .409 .361 .576 58
119 .411 .399 .421 .502 .848 531
120 .477 .312 .527 .513 .727 1018
121 .521 .333 .522 .522 .355 1314
122 .478 .420 .534 .581 .735 638
123 .200 .400 .000 .300  6
124 .488 .000 .490 .488 .702 522
125 .410 .394 .427 .513 .784 222
126 .505 .386 .570 .573 .898 2029
127 .300 .267 .320 .350 .750 31
128 .308 .319 .278 .423 1.000 63
129 .389 .358 .416 .474 .857 586
130 .427 .309 .472 .470 .786 1121
131 .478 .448 .509 .593 .735 159
131 .308 .250 .400 .385 .600 16
131 .500 .480 .520 .620 .792 143
132 .449 .333 .480 .484 .735 206
133 .542 .250 .688 .583 .714 71
134 .433 .388 .450 .486 .796 379
135 .548  .548 .548 .530 320
136 .558 .500 .558 .558 .613 835
137 .420 .356 .473 .500 1.000 110
138 .515 .000 .518 .515 .709 1016
139 .556 .000 .588 .556 .714 105
140 .406 .282 .463 .450 .847 763
141 .462 .400 .506 .546 .836 1213
142 .351 .300 .405 .428 .824 474
142 .351 .296 .409 .426 .830 323
142 .349 .309 .397 .433 .815 151
143 .419 .333 .442 .454 .716 261
143 .333 .176 .395 .358 .533 51
143 .450 .419 .457 .488 .763 210
144 .400 .500 .333 .500 .800 9
144 .250 .000 .333 .250  2
144 1.000 1.000  1.500 .800 7
145 .438 .387 .545 .569 .857 425
145 .435 .397 .508 .565 .905 229
145 .441 .377 .596 .575 .786 196
146 .410 .364 .434 .472 .868 1036
147 .393 .344 .423 .458 .754 625
148 .470 .000 .474 .470 .667 122
149 .464 .667 .463 .465 .829 861
150 .469 .348 .478 .481 .792 1187
151 .463 .344 .495 .500 .780 1204
152 .518 .283 .590 .551 .667 325
153 .418 .371 .447 .490 .860 1874
154 .526 .000 .529 .526 .692 627
155 .453 .391 .496 .533 .813 555
156 .559  .559 .559 .569 557
157 .320 .171 .419 .354 .643 82
158 .417 .232 .474 .444 .674 505
159 .473 .296 .531 .509 .668 719
160 .418 .384 .457 .521 .888 686
161 .567 .000 .567 .567 .705 1012
162 .450 .111 .727 .475 .750 22
163 .419 .240 .477 .448 .658 749
164 .394 .220 .454 .422 .780 426
165 .376 .332 .448 .480 .739 572
166 .490 .388 .537 .551 .696 1131
167 .385 .200 .500 .423 1.000 13
167 .000 .000  .000  0
167 .417 .250 .500 .458 1.000 13
168 .392 .323 .446 .463 .783 616
169 .465 .333 .478 .480 .752 578
170 .430 .315 .470 .470 .745 939
170 .431 .309 .470 .469 .800 646
170 .427 .325 .468 .474 .615 293
171 .499 .333 .504 .504 .727 749
172 .545 .000 .667 .545 .909 22
173 .355 .290 .449 .441 .781 410
173 .359 .314 .433 .457 .810 286
173 .348 .232 .476 .409 .727 124
174 .422 .289 .507 .478 .667 125
175 .451 .667 .441 .465 .585 104
176 .430 .338 .537 .521 .893 326
177 .439 .359 .494 .512 .860 2376
178 .474 .279 .576 .522 .622 498
179 .400 .444 .000 .600 .500 13
180 .644 .000 .652 .644 .522 140
181 .447 .329 .532 .516 .721 487
182 .469 .354 .543 .538 .820 932
183 .250 .250  .375  3
184 .469 .335 .518 .514 .831 1116
184 .464 .311 .523 .507 .784 669
184 .477 .375 .512 .524 .911 447
185 .263 .300 .222 .342 .417 18
186 .377 .111 .423 .385 .750 59
187 .405 .373 .422 .467 .831 340
188 .500  .500 .500 1.000 4
189 .433 .349 .477 .493 .824 1578
190 .439 .353 .468 .484 .767 624
191 .564 .000 .566 .564 .590 397
192 .433 .349 .504 .513 .907 478
193 .443 .000 .445 .443 .807 481
194 .516 .000 .519 .516 .447 206
194 .505  .505 .505 .458 137
194 .543 .000 .556 .543 .432 69
195 .544 .000 .549 .544 .578 525
196 .441 .408 .466 .528 .760 894
197 .506 .000 .507 .506 .712 645
198 .447 .324 .515 .505 .857 246
199 .397 .380 .407 .469 .725 152
200 .380 .387 .373 .473 .938 137
200 .398 .411 .387 .496 .938 132
200 .182 .167 .200 .227  5
201 .439 .336 .478 .485 .843 1089
202 .386 .343 .423 .465 .730 239
202 .329 .222 .500 .397 .500 63
202 .413 .433 .400 .497 .815 176
203 .620  .620 .620 .619 124
203 .571  .571 .571  8
203 .625  .625 .625 .619 116
204 .457 .286 .476 .471 .712 167
205 .514 .182 .596 .532 .689 287
206 .420 .359 .472 .503 .860 1149
207 .505 .344 .557 .547 .798 1249
208 .620 .000 .626 .620 .489 976
209 .422 .262 .479 .457 .931 237
210 .417 .667 .167 .583 .000 14
211 .410 .315 .465 .468 .798 343
211 .405 .343 .451 .478 .935 180
211 .278 .300 .269 .319 .750 29
211 .465 .258 .557 .505 .711 134
212 .367 .302 .486 .464 .857 97
213 .479 .326 .520 .513 .752 983
214 .478 .351 .570 .552 .614 457
215 .424 .371 .458 .496 .721 767
215 .425 .363 .471 .502 .725 589
215 .418 .409 .422 .477 .711 178
216 .426 .386 .531 .565 .722 342
217 .351 .231 .417 .392 .875 36
218 .448 .321 .502 .496 .885 1041
219 .391 .304 .426 .434 .893 411
220 .434 .353 .464 .482 .864 1489
221 .520 .309 .573 .551 .731 1920
222 .485  .485 .485 .649 562
223 .409 .000 .429 .409 .667 22
224 .458 .382 .554 .564 .667 410
225 .444 .314 .505 .494 .833 178
225 .414 .158 .510 .436 .889 69
225 .467 .406 .500 .539 .800 109
226 .368 .329 .409 .452 .731 332
226 .371 .312 .439 .455 .711 157
226 .366 .346 .386 .450 .750 175
227 .413 .398 .421 .488 .782 340
228 .585 .233 .624 .596 .570 577
229 .371 .273 .474 .441 .810 205
230 .475 .303 .540 .517 .574 287
231 .439 .383 .471 .509 .831 992
231 .406 .371 .427 .476 .852 671
231 .518 .417 .569 .588 .765 321
232 .265 .200 .292 .294 .750 26
232 .294 .200 .333 .324 .833 16
232 .235 .200 .250 .265 .500 10
233 .375 .307 .410 .428 .784 593
234 .486 .380 .529 .541 .797 314
235 .404 .333 .510 .504 .652 549
236 .512 .333 .541 .535 .811 796
237 .429 .500 .417 .464  13
238 .408 .394 .447 .553 .808 178
239 .452 .316 .490 .486 .664 434
240 .359 .302 .388 .410 .718 156
241 .703 .000 .704 .703 .430 980
242 .439 .273 .478 .465 .764 677
243 .465 .250 .487 .477 1.000 44
244 .410 .337 .455 .474 .730 606
245 .576 .476 .579 .583 .797 1038
246 .405 .297 .514 .480 .929 97
247 .529  .529 .529 .455 23
248 .369 .135 .446 .386 .685 152
249 .541 .429 .556 .566 .690 89
250 .456 .342 .538 .528 .896 345
250 .381 .235 1.000 .476 .875 27
250 .462 .361 .526 .532 .898 318
251 .415 .342 .461 .482 .852 1018
252 .435 .398 .502 .563 .833 739
253 .532  .532 .532 .548 529
254 .451 .309 .529 .506 .727 580
255 .556 .462 .561 .568 .736 351
256 .442 .361 .464 .481 .776 566
257 .513 .245 .557 .530 .899 465
258 .452 .389 .482 .516 .793 1150
259 .393 .333 .419 .444 .686 373
259 .387 .330 .415 .441 .700 309
259 .418 .357 .434 .455 .500 64
260 .454 .378 .493 .518 .839 761
260 .458 .370 .502 .519 .826 511
260 .445 .392 .475 .516 .885 250
261 .531 .000 .533 .531 .763 427
261 .453 .000 .455 .453 .784 214
261 .636  .636 .636 .738 213
262 .423 .143 .426 .424 .728 703
263 .506 .443 .528 .565 .874 1523
264 .448 .377 .527 .547 .761 511
265 .481 .382 .511 .526 .762 567
266 .419 .375 .450 .497 .892 1879
267 .412 .336 .446 .464 .815 914
268 .536 .167 .548 .538 .860 488
269 .571 .500 .600 .643  9
270 .511 .143 .515 .512 .787 1501
271 .539 .000 .540 .539 .795 842
272 .419 .360 .467 .499 .822 1234
273 .427 .388 .461 .516 .811 1634
274 .438 .383 .461 .494 .695 488
275 .439 .312 .493 .486 .738 448
275 .421 .148 .529 .442 .750 93
275 .444 .357 .482 .498 .735 355
276 .589  .589 .589 .587 660
277 .296 .250 .333 .352 .417 60
278 .603  .603 .603 .763 297
279 .364 .327 .391 .432 .692 111
280 .466 .000 .474 .466 .726 153
281 .372 .360 .378 .431 .890 514
281 .377 .369 .381 .434 .880 415
281 .353 .333 .365 .418 .933 99
282 .388 .360 .432 .498 .863 977
283 .371 .321 .421 .452 .775 321
284 .454 .325 .485 .486 .526 231
285 .536 .500 .537 .542 .531 117
286 .377 .357 .385 .428 .800 137
286 .403 .313 .431 .440 .900 68
286 .354 .385 .340 .418 .600 69
287 .448 .417 .463 .517 .827 1666
288 .470 .348 .499 .503 .634 493
289 .404 .382 .413 .463 .478 112
290 .403 .280 .468 .451 .800 89
291 .452 .425 .470 .537 .857 764
292 .478 .000 .579 .478 .400 26
293 .575 .000 .579 .575 .500 172
294 .429 .362 .474 .502 .718 531
295 .436 .455 .429 .500 .750 99
295 .423 .273 .533 .481 .800 37
295 .442 .636 .390 .510 .692 62
296 .372 .245 .434 .412 .700 150
297 .350 .444 .273 .450 1.000 22
298 .628 .000 .636 .628 .587 125
299 .364  .364 .364 .500 21
300 .444 .396 .466 .507 .888 1434
301 .409 .367 .474 .521 .750 753
302 .557 .250 .582 .566 .750 144
302 .621 .250 .648 .629 .789 88
302 .479 .250 .500 .490 .692 56
303 .355 .365 .300 .508  63
304 .425 .384 .469 .525 .810 690
305 .282 .083 .370 .295 .722 36
306 .470 .319 .512 .505 .757 1385
307 .407 .390 .430 .518 .807 777
308 .600  .600 .600 1.000 8
309 .522 .000 .522 .522 .740 1210
310 .263 .111 .400 .289 .750 14
311 .481 .452 .491 .541 .629 443
312 .500  .500 .500 .500 8
313 .434 .362 .467 .491 .749 1131
314 .425 .303 .458 .458 .735 765
314 .397 .289 .420 .422 .717 430
314 .467 .316 .524 .510 .764 335
315 .408 .387 .442 .527 .744 380
316 .439 .281 .500 .478 .642 230
317 .565 .143 .574 .567 .716 475
318 .364 .319 .379 .404 .670 872
319 .465 .289 .516 .498 .764 863
320 .416 .391 .426 .474 .500 80
321 .500 .308 .566 .539 .795 195
322 .527 .100 .541 .528 .681 349
323 .338 .327 .351 .423 .733 203
324 .465 .410 .489 .528 .855 390
325 .368 .299 .429 .438 .857 299
326 .431 .395 .453 .507 .743 476
327 .471 .360 .536 .537 .785 384
328 .383 .000 .386 .383 .489 124
329 .521 .500 .521 .522 .590 747
330 .636 .333 .659 .648 .533 65
331 .444 .467 .333 .639 1.000 24
331 .500 .556 .333 .708  17
331 .333 .333  .500 1.000 7
332 .448 .368 .483 .504 .893 1372
333 .417 .000 .423 .417 .616 263
334 .000  .000 .000  0
335 .411 1.000 .409 .414 .675 200
336 .476 .227 .498 .485 .767 309
337 .508 .167 .511 .509 .686 928
338 .438 .348 .475 .489 .830 1153
339 .455 .405 .486 .531 .750 687
340 .427 .316 .492 .486 .633 236
341 .466 .000 .469 .466 .768 650
342 .364 .313 .412 .439 .643 67
343 .493 .257 .502 .498 .768 1070
344 .493 .415 .501 .512 .760 857
345 .492 .414 .540 .571 .684 837
346 .350 .245 .516 .425 .727 84
347 .414 .362 .490 .521 .853 543
348 .462 .371 .501 .517 .896 1446
349 .366 .281 .389 .397 .654 132
350 .410 .324 .467 .475 .792 283
351 .436 .326 .451 .456 .589 778
352 .380  .380 .380 .800 54
353 .533  .533 .533 .440 91
354 .363 .310 .445 .457 .818 417
355 .440 .000 .478 .440 1.000 24
356 .516 .000 .520 .516 .642 749
357 .601  .601 .601 .576 314
358 .473 .367 .536 .541 .754 871
359 .427 .308 .443 .445 .727 436
360 .421 .333 .454 .467 .838 1028
361 .493 .125 .514 .497 .739 399
362 .424 .404 .436 .502 .811 273
363 .385 .222 .433 .410 .520 77
363 .382 .308 .405 .418 .500 55
363 .391 .000 .500 .391 .571 22
364 .384 .347 .453 .497 .756 331
365 .374 .295 .519 .469 .875 145
366 .445 .174 .476 .454 .684 221
367 .429 .278 .436 .435 .715 919
368 .475 .231 .482 .479 .796 1040
369 .480 .475 .484 .593 .888 1226
370 .571  .571 .571 .545 182
371 .452 .461 .446 .550 .667 341
372 .438 .335 .495 .498 .681 593
373 .496 .311 .608 .555 .611 337
374 .448 .357 .480 .494 .894 205
374 .443 .333 .477 .483 .919 145
374 .460 .400 .486 .520 .800 60
375 .430 .378 .447 .477 .692 171
376 .000 .000  .000  0
377 .447 .000 .448 .447 .431 307
378 .454 .365 .479 .494 .580 859
379 .427 .293 .449 .448 .793 1080
380 .431 .386 .484 .536 .790 720
381 .274 .222 .291 .302 .800 72
382 .374 .326 .396 .427 .847 766
383 .403 .340 .667 .540 1.000 75
384 .427 .414 .447 .552 .643 305
385 .410 .351 .447 .478 .737 1054
386 .413  .413 .413 .658 87
387 .442 .222 .496 .464 .656 374
387 .426 .176 .476 .441 .639 240
387 .470 .276 .535 .504 .720 134
388 .421 .322 .465 .471 .791 879
389 .450 .404 .467 .504 .726 664
390 .468 .392 .523 .551 .794 464
391 .505 .339 .589 .562 .626 480
392 .410 .000 .414 .410 .826 187
393 .473 .324 .507 .503 .756 810
394 .374 .295 .447 .444 .784 311
395 .504 .383 .533 .541 .750 331
396 .429  .429 .429 .833 91
397 .389 .309 .452 .457 .659 231
398 .440 .384 .462 .494 .750 424
399 .348 .253 .427 .405 .777 558
400 .563  .563 .563 .412 43
401 .411 .329 .428 .440 .693 972
401 .430 .303 .451 .452 .767 239
401 .405 .336 .420 .436 .669 733
402 .415 .400 .438 .535 .634 955
403 .485 .250 .493 .489 .806 546
404 .364 .287 .417 .423 .552 332
404 .383 .310 .418 .433 .595 181
404 .343 .271 .417 .411 .480 151
405 .318 .200 .353 .341 .615 23
406 .372 .361 .380 .454 .909 338
407 .432 .387 .439 .458 .825 512
408 .523 .000 .529 .523 .813 201
409 .385 .326 .473 .483 .771 617
410 .481 .385 .500 .513 .784 573
410 .494 .404 .529 .551 .700 204
410 .474 .355 .487 .492 .815 369
411 .333  .333 .333 .333 22
411 1.000  1.000 1.000 .000 2
411 .308  .308 .308 .400 20
412 .600  .600 .600 .500 7
412      0
412 .600  .600 .600 .500 7
413 .566  .566 .566 .746 300
414 .413 .241 .453 .436 .829 517
415 .435 .282 .458 .453 .640 834
416 .579  .579 .579 .375 25
417 .439 .400 .454 .495 .837 1239
418 .427 .393 .476 .544 .774 965
419 .398 .345 .453 .486 .728 582
420 .402 .356 .504 .525 .818 422
421 .428 .359 .462 .488 .871 1823
422 .442 .404 .458 .500 .857 484
423 .397 .380 .420 .507 .719 758
424 .481 .333 .505 .505 .704 147
424 .476  .476 .476 .625 60
424 .485 .333 .529 .523 .818 87
425 .470 .425 .510 .569 .873 1771
426 .588  .588 .588 .616 643
427 .399 .337 .460 .482 .848 590
427 .400 .338 .461 .484 .879 472
427 .393 .333 .453 .477 .762 118
428 .386 .360 .500 .533 .617 383
429 .357 .325 .400 .450 .765 76
430 .542 .341 .559 .555 .811 1503
431 .411 .330 .455 .469 .746 652
432 .456 .241 .482 .469 .827 854
433 .498 .214 .506 .501 .727 619
434 .434 .341 .461 .472 .900 205
434 .435 .364 .457 .478 1.000 47
434 .434 .333 .462 .470 .882 158
435 .565  .565 .565 .761 768
436 .427 .000 .431 .427 .640 138
436 .421 .000 .427 .421 .762 80
436 .438  .438 .438 .552 58
437 .326 .247 .415 .391 .846 130
438 .305 .293 .319 .385 .800 217
439 .382 .273 .503 .454 .917 319
440 .421 .239 .457 .441 .745 283
441 .510 .222 .512 .511 .753 1181
442 .383 .364 .403 .477 .821 296
443 .456 .159 .468 .459 .793 1409
444 .399 .358 .421 .460 .713 762
445 .427 .371 .459 .495 .847 1689
446 .424 .351 .448 .467 .791 1531
447 .501 .400 .520 .533 .703 515
448 .343 .292 .371 .394 .872 142
449 .359 .000 .412 .359 .750 31
449 .342 .000 .394 .342 .750 29
449 1.000  1.000 1.000  2
450 .382 .366 .391 .450 .533 107
450 .393 .406 .386 .466 .538 90
450 .333 .222 .417 .381 .500 17
451 .545 .429 .546 .548 .788 554
452 .454 .296 .503 .489 .812 1878
453 .606  .606 .606 .650 1040
454 .455 .000 .556 .455 .500 11
455 .459 .300 .486 .481 .761 1675
456 .394 .391 .395 .462 .750 70
457 .417  .417 .417 .643 29
458 .414 .344 .454 .477 .869 918
459 .450 .293 .506 .488 .758 746
460 .200 .250 .167 .250 .750 8
461 .408 .344 .464 .488 .830 1028
462 .452 .402 .504 .554 .833 948
463 .437 .353 .480 .497 .905 338
464 .422 .276 .471 .457 .684 502
465 .537 .000 .544 .537 .729 217
466 .415 .364 .429 .453 .619 61
467 .311 .310 .312 .384 .702 176
468 .673  .673 .673 .542 83
469 .450 .385 .463 .481 .743 103
470 .338 .176 .396 .362 .541 67
471 .306 .231 .500 .389 .250 29
472 .367 .217 .423 .396 .800 154
473 .339 .325 .363 .442 .829 392
474 .514 .233 .523 .518 .644 1102
475 .529 .100 .539 .530 .754 638
476 .476  .476 .476 .815 364