3 .613  .613 .613 .582 636
6 .596  .596 .596 .714 328
7 .513 .000 .521 .513 .858 1331
28 .522 .000 .545 .522 1.000 30
37 .549 .000 .552 .549 .845 473
54 .627 1.000 .626 .629 .480 375
55 .509 .441 .609 .640 .750 76
68 .439 .415 .467 .551 .933 122
105 .504 .454 .566 .630 .908 2375
106 .476 .484 .462 .634 .556 242
117 .532 .300 .540 .537 .827 827
126 .505 .386 .570 .573 .898 2029
131 .500 .480 .520 .620 .792 143
133 .542 .250 .688 .583 .714 71
137 .420 .356 .473 .500 1.000 110
144 1.000 1.000  1.500 .800 7
145 .441 .377 .596 .575 .786 196
149 .464 .667 .463 .465 .829 861
162 .450 .111 .727 .475 .750 22
167 .417 .250 .500 .458 1.000 13
172 .545 .000 .667 .545 .909 22
177 .439 .359 .494 .512 .860 2376
180 .644 .000 .652 .644 .522 140
184 .477 .375 .512 .524 .911 447
200 .380 .387 .373 .473 .938 137
200 .398 .411 .387 .496 .938 132
208 .620 .000 .626 .620 .489 976
209 .422 .262 .479 .457 .931 237
211 .405 .343 .451 .478 .935 180
221 .520 .309 .573 .551 .731 1920
228 .585 .233 .624 .596 .570 577
231 .518 .417 .569 .588 .765 321
241 .703 .000 .704 .703 .430 980
243 .465 .250 .487 .477 1.000 44
245 .576 .476 .579 .583 .797 1038
246 .405 .297 .514 .480 .929 97
250 .381 .235 1.000 .476 .875 27
257 .513 .245 .557 .530 .899 465
261 .636  .636 .636 .738 213
263 .506 .443 .528 .565 .874 1523
268 .536 .167 .548 .538 .860 488
278 .603  .603 .603 .763 297
302 .621 .250 .648 .629 .789 88
308 .600  .600 .600 1.000 8
331 .444 .467 .333 .639 1.000 24
331 .500 .556 .333 .708  17
369 .480 .475 .484 .593 .888 1226
373 .496 .311 .608 .555 .611 337
374 .443 .333 .477 .483 .919 145
383 .403 .340 .667 .540 1.000 75
430 .542 .341 .559 .555 .811 1503
434 .435 .364 .457 .478 1.000 47
439 .382 .273 .503 .454 .917 319
453 .606  .606 .606 .650 1040
468 .673  .673 .673 .542 83
